Symbol,Volume Buy,Volume Sell,Value Buy,Value Sell,Percentage,Date
HMPRO,4399400,1802800,44277420.0,18113340.0,13.2,2017-01-04
HMPRO,3771700,555298,37898970.0,5558319.8,11.47,2017-01-05
HMPRO,1656600,970800,16530220.0,9682550.0,6.66,2017-01-06
HMPRO,3392800,1991800,33940590.0,19919430.0,18.47,2017-01-09
HMPRO,2281500,910400,23185290.0,9237870.0,5.25,2017-01-10
HMPRO,2346800,1402200,23726820.0,14192510.0,11.02,2017-01-11
HMPRO,8952100,7571100,92212870.0,77826490.0,16.35,2017-01-12
HMPRO,5753300,4866828,60590780.0,51107368.4,13.79,2017-01-13
HMPRO,2022900,3016498,21210620.0,31632628.0,12.91,2017-01-16
HMPRO,1739400,754349,18175520.0,7871994.7,11.82,2017-01-17
HMPRO,1531500,2089133,16004550.0,21834650.0,17.34,2017-01-18
HMPRO,8854200,5507909,90498080.0,56270883.6,24.2,2017-01-19
HMPRO,2901600,3849800,29486750.0,39063010.0,24.82,2017-01-20
HMPRO,4536100,1900100,46872300.0,19565010.0,23.31,2017-01-23
HMPRO,1725100,2741300,17838535.0,28220875.0,36.27,2017-01-24
HMPRO,1606030,4034200,16649519.0,41861010.0,13.76,2017-01-25
HMPRO,4794700,4519800,49116230.0,46335930.0,19.23,2017-01-26
HMPRO,2863500,2382353,29354860.0,24530365.3,15.08,2017-01-27
HMPRO,1715700,2027000,17404210.0,20602270.0,14.98,2017-01-30
HMPRO,3075500,5222600,30817065.0,52545545.0,15.13,2017-01-31
HMPRO,7713100,6484300,76991470.0,64604340.0,22.55,2017-02-01
HMPRO,2684800,906100,26788505.0,9034505.0,15.28,2017-02-02
HMPRO,3092200,4949800,30782110.0,49237368.0,24.05,2017-02-03
HMPRO,2116100,1041400,21231180.0,10421125.0,16.27,2017-02-06
HMPRO,5444300,11624400,54081445.0,115395880.0,29.37,2017-02-07
HMPRO,3547200,8491100,34902154.36,83740489.36,28.63,2017-02-08
HMPRO,2115800,5352500,21084762.07,53309397.07,24.16,2017-02-09
HMPRO,8048400,13996500,79174825.0,137712670.0,30.67,2017-02-10
HMPRO,2852900,1681743,28019445.0,16507163.55,20.22,2017-02-14
HMPRO,4942500,5708400,48020175.0,55517095.0,22.55,2017-02-15
HMPRO,7120900,6214900,68178630.0,59580610.0,12.44,2017-02-16
HMPRO,7638400,11520050,73583525.0,110069825.0,21.0,2017-02-17
HMPRO,1269800,1449998,12321885.0,14061675.6,18.37,2017-02-20
HMPRO,2739455,1966900,26439811.25,18990375.0,11.8,2017-02-21
HMPRO,5678900,2390600,54258695.0,22791355.0,13.28,2017-02-22
HMPRO,5757700,4492000,55499080.0,43324215.0,20.91,2017-02-23
HMPRO,2731400,4166979,26541730.0,40497512.35,24.89,2017-02-24
HMPRO,3700200,5457400,36218165.0,53438905.0,15.93,2017-02-27
HMPRO,2341600,3373067,23019615.0,33179678.25,11.95,2017-02-28
HMPRO,3389000,1909400,33143635.0,18686610.0,28.69,2017-03-01
HMPRO,1903800,1167100,18732440.0,11485160.0,18.29,2017-03-02
HMPRO,3118800,1236000,30881290.0,12208870.0,19.74,2017-03-03
HMPRO,3389000,4500108,33337290.0,44220788.0,22.39,2017-03-06
HMPRO,5318346,3004200,51811285.4,29261705.0,31.3,2017-03-07
HMPRO,7238695,3383500,69641981.0,32552575.0,18.15,2017-03-08
HMPRO,1451047,951100,13921463.25,9117070.0,14.47,2017-03-09
HMPRO,2399229,4211966,22920841.3,40312002.8,11.62,2017-03-10
HMPRO,2290600,3658900,21823590.0,34825705.0,18.5,2017-03-13
HMPRO,7271800,5709849,69499430.0,54600210.6,19.4,2017-03-14
HMPRO,6402839,3408198,61154627.45,32532171.0,22.83,2017-03-15
HMPRO,14167802,5561300,134261806.8,52777155.0,21.26,2017-03-16
HMPRO,9830999,4566557,92824972.1,43115748.65,23.57,2017-03-17
HMPRO,4289300,3608100,40622400.0,34080635.0,35.02,2017-03-20
HMPRO,5789600,1751200,55331480.0,16717445.0,24.96,2017-03-21
HMPRO,2904900,2656600,27840095.0,25474310.0,27.65,2017-03-22
HMPRO,1847200,1255660,17839500.0,12147532.35,16.88,2017-03-23
HMPRO,2009800,2329300,19266100.0,22325955.0,15.12,2017-03-24
HMPRO,1676200,769900,16094820.0,7394755.0,15.72,2017-03-27
HMPRO,3195640,849597,30800175.0,8178611.35,19.27,2017-03-28
HMPRO,1675700,1968224,16248685.0,19079372.8,12.88,2017-03-29
HMPRO,8833800,1781000,85448920.0,17167010.0,30.56,2017-03-30
HMPRO,1534305,393800,14783002.75,3799005.0,7.15,2017-03-31
HMPRO,1220400,1361100,11714835.0,13074585.0,11.77,2017-04-03
HMPRO,607000,613705,5889930.0,5967263.0,6.19,2017-04-04
HMPRO,2423300,2740800,23734935.0,26936780.0,13.51,2017-04-05
HMPRO,995900,2828517,9631175.0,27358208.75,12.48,2017-04-07
HMPRO,613100,1446410,5922555.0,13955551.0,8.57,2017-04-10
HMPRO,1307200,2418400,12542520.0,23183570.0,24.65,2017-04-11
HMPRO,1367900,1362300,13035650.0,12983690.0,11.57,2017-04-12
HMPRO,1452600,12169359,13724385.0,114756833.75,27.26,2017-04-17
HMPRO,745900,2938200,7058925.0,27885015.0,20.11,2017-04-18
HMPRO,634000,1194900,6011365.0,11328950.0,10.53,2017-04-19
HMPRO,256300,518900,2435880.0,4928160.0,3.47,2017-04-20
HMPRO,1091310,897528,10481670.5,8615254.7,6.74,2017-04-21
HMPRO,1539200,1794538,14629980.0,17140548.8,8.91,2017-04-24
HMPRO,2497000,6239200,23802515.0,59417320.0,22.69,2017-04-25
HMPRO,1818900,1155400,17538190.0,11112515.0,8.02,2017-04-26
HMPRO,7951300,534100,76108140.0,5123015.0,20.22,2017-04-27
HMPRO,7408700,2397651,71486790.0,23129424.6,25.46,2017-04-28
HMPRO,3797984,569600,36996862.5,5537565.0,8.36,2017-05-02
HMPRO,876000,872200,8530280.0,8478100.0,5.25,2017-05-03
HMPRO,1031600,1408900,10171575.0,13766870.0,4.52,2017-05-04
HMPRO,286700,293000,2803005.0,2867605.0,2.68,2017-05-05
HMPRO,2355150,1179500,23305102.5,11656840.0,7.23,2017-05-08
HMPRO,1802100,1560400,17684255.0,15342145.0,10.28,2017-05-09
HMPRO,7061432,1797300,68654086.75,17513510.0,18.52,2017-05-11
HMPRO,2490500,1017300,24160755.0,9855830.0,13.25,2017-05-12
HMPRO,1287300,910100,12281160.0,8693910.0,11.8,2017-05-15
HMPRO,3750400,1102100,35731105.0,10523940.0,13.92,2017-05-16
HMPRO,2286076,1955799,21729255.8,18568170.6,11.7,2017-05-17
HMPRO,1899300,872307,17926690.0,8218150.8,11.04,2017-05-18
HMPRO,705234,428337,6649843.0,4058979.1,6.74,2017-05-19
HMPRO,2236413,1344500,21373338.9,12832805.0,18.78,2017-05-22
HMPRO,4069566,3095537,39152210.2,29684333.5,24.09,2017-05-23
HMPRO,2592600,2896100,25210205.0,28149850.0,12.97,2017-05-24
HMPRO,1796566,1267700,17432118.4,12304650.0,19.19,2017-05-25
HMPRO,1609100,904600,15682805.0,8803645.0,21.36,2017-05-26
HMPRO,2190788,617700,21386820.6,6024790.0,22.19,2017-05-29
HMPRO,3119500,1402311,30458090.0,13694476.8,20.91,2017-05-30
HMPRO,16045423,8795396,158229206.55,86870247.2,39.2,2017-05-31
HMPRO,3450876,1645810,33988083.6,16204263.5,14.22,2017-06-01
HMPRO,1451700,1333298,14146690.0,12984435.7,16.21,2017-06-02
HMPRO,1063800,361400,10291025.0,3518110.0,14.16,2017-06-05
HMPRO,212200,251739,2058485.0,2445915.5,11.59,2017-06-06
HMPRO,3015970,1306400,29260675.85,12676365.0,24.93,2017-06-07
HMPRO,992100,944120,9655650.0,9172363.0,29.43,2017-06-08
HMPRO,2238500,1196087,21755295.0,11594335.3,24.29,2017-06-09
HMPRO,977000,597148,9345135.0,5717348.4,9.62,2017-06-12
HMPRO,1037000,1976398,9956620.0,18984425.8,12.28,2017-06-13
HMPRO,1561700,1397008,14946995.0,13388008.5,9.72,2017-06-14
HMPRO,469920,974600,4522708.0,9380415.0,12.23,2017-06-15
HMPRO,5553229,2548300,53367657.2,24501240.0,27.69,2017-06-16
HMPRO,1013900,2101678,9788005.0,20264444.95,24.18,2017-06-19
HMPRO,527521,815400,5090708.7,7867080.0,15.6,2017-06-20
HMPRO,894800,1511869,8627005.0,14578060.85,14.75,2017-06-21
HMPRO,836900,1747200,8003220.0,16752230.0,12.77,2017-06-22
HMPRO,991900,1020900,9479610.0,9747770.0,11.3,2017-06-23
HMPRO,1728000,1048200,16552890.0,10020075.0,12.12,2017-06-26
HMPRO,947400,3442700,9054990.0,32873705.0,24.53,2017-06-27
HMPRO,628400,3697198,6001570.0,35293249.25,25.16,2017-06-28
HMPRO,4291700,8582200,41339130.0,82615885.0,27.62,2017-06-29
HMPRO,2097100,1955500,20087180.0,18733000.0,13.64,2017-06-30
HMPRO,332100,691830,3175355.0,6607771.5,4.85,2017-07-03
HMPRO,401700,257135,3821390.0,2447167.5,5.33,2017-07-04
HMPRO,1777400,1518217,16962225.0,14496576.5,13.05,2017-07-05
HMPRO,4641800,1871500,44489155.0,17948445.0,10.6,2017-07-06
HMPRO,1481600,751100,14187005.0,7193435.0,7.29,2017-07-07
HMPRO,2567100,1380200,24604040.0,13206610.0,20.2,2017-07-11
HMPRO,1438000,3962400,13658890.0,37445680.0,13.49,2017-07-12
HMPRO,2647400,3214438,24907525.0,30255062.2,16.18,2017-07-13
HMPRO,5247600,3348700,48582215.0,30976325.0,15.02,2017-07-14
HMPRO,3544100,494922,32862300.0,4581898.05,17.06,2017-07-17
HMPRO,3236500,951354,30013780.0,8780451.8,11.81,2017-07-18
HMPRO,725800,882200,6801550.0,8245295.0,18.2,2017-07-19
HMPRO,596100,2354119,5608895.0,22118883.6,9.4,2017-07-20
HMPRO,895608,2070700,8496250.6,19632180.0,13.1,2017-07-21
HMPRO,1021400,3282400,9712615.0,31181340.0,21.49,2017-07-24
HMPRO,7218700,8537764,69404550.0,82215154.3,21.17,2017-07-25
HMPRO,7464600,3195400,73340585.0,31288480.0,11.03,2017-07-26
HMPRO,4931800,3913073,48964135.0,38627780.8,18.41,2017-07-27
HMPRO,7882400,2220700,77961065.0,21957160.0,21.12,2017-07-31
HMPRO,4542700,3435192,44836035.0,33952911.6,18.8,2017-08-01
HMPRO,526200,2983100,5225915.0,29621710.0,9.31,2017-08-02
HMPRO,1471900,2234200,14492805.0,21996575.0,11.97,2017-08-03
HMPRO,2309500,9249800,22352420.0,89571240.0,21.88,2017-08-04
HMPRO,3181500,5173400,30921140.0,50087075.0,24.14,2017-08-07
HMPRO,750594,7216500,7301581.5,70146495.0,30.32,2017-08-08
HMPRO,525500,2122200,5082300.0,20533820.0,32.76,2017-08-09
HMPRO,1204100,5003900,11697330.0,48586820.0,36.79,2017-08-10
HMPRO,4573233,2956093,44745690.05,28880672.1,18.36,2017-08-11
HMPRO,2323368,1235298,22879026.6,12162640.3,21.85,2017-08-15
HMPRO,1322700,940200,13061355.0,9288950.0,11.32,2017-08-16
HMPRO,1187296,2171337,11687700.0,21394160.75,20.16,2017-08-17
HMPRO,1917800,4059500,18872665.0,39950305.0,39.26,2017-08-18
HMPRO,263900,758717,2601135.0,7462859.9,13.77,2017-08-21
HMPRO,1988800,1734400,19495110.0,17011275.0,26.05,2017-08-22
HMPRO,3706400,2963438,36301495.0,29030560.5,40.05,2017-08-23
HMPRO,4634500,5491276,45299670.0,53647936.65,26.78,2017-08-24
HMPRO,1791098,1760878,17415155.5,17135606.8,34.53,2017-08-25
HMPRO,2733600,3110400,26779640.0,30445605.0,36.89,2017-08-28
HMPRO,20090700,2486800,200028310.0,24760865.0,24.29,2017-08-29
HMPRO,4348000,1630217,43547280.0,16317969.15,18.55,2017-08-30
HMPRO,3833247,2676641,38403684.0,26823810.0,16.16,2017-08-31
HMPRO,4328100,1694300,43430040.0,16945020.0,29.7,2017-09-01
HMPRO,2218100,994489,22201465.0,9961196.65,29.55,2017-09-04
HMPRO,4512900,1885436,45931320.0,19158703.6,13.81,2017-09-05
HMPRO,3645200,1357789,36906450.0,13744921.1,17.11,2017-09-06
HMPRO,4643265,2333200,48184426.0,24227440.0,8.1,2017-09-07
HMPRO,5830420,9699216,60364684.0,100578965.2,21.77,2017-09-08
HMPRO,3361101,4928200,34928514.06,51260923.66,15.94,2017-09-11
HMPRO,5060600,6698759,55456840.0,73261607.7,7.75,2017-09-12
HMPRO,4049200,6578443,44629430.0,72363068.7,14.62,2017-09-13
HMPRO,7727500,4360900,84810910.0,47694830.0,16.59,2017-09-14
HMPRO,8522610,9476265,93845905.0,104288538.5,31.26,2017-09-15
HMPRO,9562100,3158900,104381060.0,34465950.0,17.05,2017-09-18
HMPRO,5268057,2830958,58222170.9,31277072.2,13.17,2017-09-19
HMPRO,8888600,5321800,98103970.0,58644310.0,39.86,2017-09-20
HMPRO,11143000,3260700,121823160.0,35611520.0,48.26,2017-09-21
HMPRO,3412700,4589724,37526150.0,50307696.9,17.46,2017-09-22
HMPRO,6703400,2581300,73872820.0,28546010.0,33.31,2017-09-25
HMPRO,16334800,4503232,182113060.0,50317492.0,45.13,2017-09-26
HMPRO,7710200,4906450,86503940.0,55327930.0,37.34,2017-09-27
HMPRO,2738900,7033995,31131240.0,79971668.75,25.53,2017-09-28
HMPRO,22037852,9153510,261422528.0,108420460.0,19.74,2017-09-29
HMPRO,8276746,2361160,99842820.0,28561652.8,26.32,2017-10-02
HMPRO,7678900,5416200,92541290.0,65490940.0,26.48,2017-10-03
HMPRO,15126936,7091286,177945192.8,83647760.4,37.1,2017-10-04
HMPRO,3352300,1837000,39681150.0,21790090.0,31.97,2017-10-05
HMPRO,2737656,2409664,32359209.6,28554945.2,22.06,2017-10-06
HMPRO,4012900,5473633,48252230.0,65682030.0,21.94,2017-10-09
HMPRO,4664710,2126400,55787539.0,25398010.0,22.15,2017-10-10
HMPRO,11888900,11250050,145051370.0,137305230.0,45.17,2017-10-11
HMPRO,3913600,3661950,47472800.0,44474950.0,31.69,2017-10-12
HMPRO,17067005,9906795,211199000.5,122114130.0,44.9,2017-10-16
HMPRO,5584800,5214500,69326830.0,64814690.0,30.93,2017-10-17
HMPRO,4007815,3981487,49117633.0,48783454.7,31.66,2017-10-18
HMPRO,7896215,7557162,95042898.5,90862972.0,26.27,2017-10-19
HMPRO,12306154,7110559,150573949.6,87329503.9,28.27,2017-10-20
HMPRO,14737300,6646800,188274370.0,84449450.0,31.79,2017-10-24
HMPRO,11541800,17300830,151887440.0,227574690.3,43.09,2017-10-25
HMPRO,6951900,6774898,92754390.0,90505744.8,19.88,2017-10-27
HMPRO,8327100,8703405,108932090.0,113061074.5,35.39,2017-10-30
HMPRO,15614900,8903600,202523570.0,115957310.0,27.31,2017-10-31
HMPRO,9397000,5682800,121404190.0,73328670.0,31.52,2017-11-01
HMPRO,3331500,4158900,42806910.0,53439040.0,34.28,2017-11-02
HMPRO,20662000,13277000,252413900.0,161486400.0,25.98,2017-11-03
HMPRO,13973359,12819700,179929461.6,165683100.0,32.46,2017-11-06
HMPRO,6715200,4807159,87472170.0,62612377.0,27.14,2017-11-07
HMPRO,7022700,3271100,91168370.0,42561250.0,37.54,2017-11-08
HMPRO,6069100,4162851,78392890.0,54026404.4,25.07,2017-11-09
HMPRO,5136600,3043800,66309420.0,39337280.0,19.27,2017-11-10
HMPRO,7170100,3673300,89525340.0,45808840.0,18.58,2017-11-13
HMPRO,4188100,2438210,53514970.0,31152833.0,22.23,2017-11-14
HMPRO,5449600,4730317,70621160.0,61156854.2,36.19,2017-11-15
HMPRO,5340800,6492698,69451300.0,84384104.2,28.7,2017-11-16
HMPRO,18600800,14720618,245965450.0,195155420.4,44.09,2017-11-17
HMPRO,9483600,3155700,127034840.0,42295280.0,32.72,2017-11-20
HMPRO,9915967,4448600,131753734.4,59162450.0,34.65,2017-11-21
HMPRO,5199000,2839920,69819120.0,38215408.0,37.71,2017-11-22
HMPRO,3057900,1683096,40461510.0,22320427.2,22.72,2017-11-23
HMPRO,9664400,7182528,126715000.0,93835474.0,29.24,2017-11-24
HMPRO,5480300,2669403,71314250.0,34717858.1,33.13,2017-11-27
HMPRO,6787400,3913200,89303320.0,51530800.0,48.07,2017-11-28
HMPRO,3539300,2851841,46061000.0,37074233.4,26.96,2017-11-29
HMPRO,15216080,8404392,192515862.0,106495092.7,37.61,2017-11-30
HMPRO,7354510,4575865,93433557.0,58153556.0,31.27,2017-12-01
HMPRO,7634100,4904110,95224380.0,61174276.0,24.7,2017-12-04
HMPRO,7884900,8902100,97358060.0,109772740.0,32.97,2017-12-06
HMPRO,9383520,6698663,114897424.0,81957892.3,28.15,2017-12-07
HMPRO,5991800,3762262,74655350.0,46791167.5,24.04,2017-12-08
HMPRO,8325300,4034908,103612870.0,50283116.8,30.42,2017-12-12
HMPRO,6125600,4026274,75286730.0,49613315.4,28.11,2017-12-13
HMPRO,6833700,7443620,86245130.0,93721444.0,27.59,2017-12-14
HMPRO,6632033,7040230,85946758.0,91168964.0,44.52,2017-12-15
HMPRO,4418200,3546600,57720460.0,46408780.0,39.13,2017-12-18
HMPRO,11067300,11614400,145926100.0,153221660.0,42.8,2017-12-19
HMPRO,6970400,8311616,90016220.0,107519986.4,41.75,2017-12-20
HMPRO,5848700,4129000,76647920.0,54060450.0,33.56,2017-12-21
HMPRO,6600200,6516000,86319860.0,85253160.0,62.31,2017-12-22
HMPRO,2075300,1213600,27183360.0,15896160.0,40.25,2017-12-25
HMPRO,3592700,3077000,47172660.0,40435470.0,27.58,2017-12-26
HMPRO,9198505,9122400,122699436.5,121514210.0,43.91,2017-12-27
HMPRO,9247300,11207600,120558460.0,146299280.0,38.5,2017-12-28
HMPRO,7205600,5849100,92624780.0,75032440.0,29.69,2017-12-29
HMPRO,24189200,26371790,312823520.0,340420291.0,48.28,2018-01-03
HMPRO,13821700,11284692,181314390.0,147594242.8,42.08,2018-01-04
HMPRO,6853834,9065652,89777685.4,118686748.0,34.57,2018-01-05
HMPRO,15056866,14143904,202038050.4,189625524.0,37.11,2018-01-08
HMPRO,25786900,23992819,354966540.0,330561551.6,25.3,2018-01-09
HMPRO,18192920,24939081,253101328.7,346546052.2,28.66,2018-01-10
HMPRO,15824323,14279826,213579063.1,192879347.2,25.07,2018-01-11
HMPRO,19473600,15562858,274919270.0,218656838.2,27.03,2018-01-12
HMPRO,8013600,12798916,113571280.0,181519964.0,23.14,2018-01-15
HMPRO,10978500,12385953,156400690.0,176957502.6,26.6,2018-01-16
HMPRO,6523900,9108457,94417660.0,131738301.0,27.8,2018-01-17
HMPRO,7882010,10886289,112760883.0,156105554.4,24.22,2018-01-18
HMPRO,21117201,11046870,296071754.0,155094680.0,29.1,2018-01-19
HMPRO,18041000,11498651,255207460.0,162592864.0,47.39,2018-01-22
HMPRO,12754300,9046021,182847920.0,129585628.2,43.56,2018-01-23
HMPRO,13935100,12065793,204685460.0,176979275.4,28.78,2018-01-24
HMPRO,8532100,15106189,125026330.0,221659388.3,32.15,2018-01-25
HMPRO,7666200,8047039,109822520.0,115261807.7,34.78,2018-01-26
HMPRO,5958900,7814200,86341880.0,113115150.0,36.79,2018-01-29
HMPRO,10163500,6640180,144645450.0,94491428.0,35.77,2018-01-30
HMPRO,10396100,9499242,148056510.0,135512042.2,34.3,2018-01-31
HMPRO,4177228,7192680,59470590.4,102400943.7,25.89,2018-02-01
HMPRO,2072300,5728180,29353860.0,81182758.0,32.53,2018-02-02
HMPRO,6259700,6200874,86769479.0,85938027.8,25.35,2018-02-05
HMPRO,11355810,8879508,155579568.0,122063309.7,27.94,2018-02-06
HMPRO,5224180,7677991,73048698.0,107172398.4,36.22,2018-02-07
HMPRO,5195830,6254770,71852734.0,86491319.2,28.17,2018-02-08
HMPRO,3904300,7060366,54021620.0,97562277.6,33.64,2018-02-09
HMPRO,1843000,4025000,25675480.0,56170540.0,31.6,2018-02-12
HMPRO,5411200,8259048,74892180.0,114229707.6,33.28,2018-02-13
HMPRO,8500500,7604606,118141470.0,105529712.2,33.23,2018-02-14
HMPRO,2758000,3241597,38575540.0,45314738.9,37.58,2018-02-15
HMPRO,5832000,3184700,82491510.0,44933960.0,27.69,2018-02-16
HMPRO,4274400,5350554,61338130.0,76645606.0,25.16,2018-02-19
HMPRO,6757200,3334800,97080140.0,47726870.0,25.06,2018-02-20
HMPRO,7687900,4067549,108492010.0,57276133.9,39.79,2018-02-21
HMPRO,12020000,9191800,173072900.0,132200760.0,25.54,2018-02-22
HMPRO,4927700,6283313,71965990.0,91775214.3,20.49,2018-02-23
HMPRO,5506200,4407800,79469670.0,63783070.0,22.39,2018-02-26
HMPRO,9913700,12225940,144133840.0,177770302.0,36.81,2018-02-27
HMPRO,14526571,4895251,209536704.3,70560532.3,24.58,2018-02-28
HMPRO,7181600,3473500,102316500.0,49473630.0,21.93,2018-03-02
HMPRO,9584900,4447586,135025230.0,62836442.4,17.52,2018-03-05
HMPRO,6096600,3572700,87202210.0,50908880.0,21.56,2018-03-06
HMPRO,8846400,7967649,124404642.3,112143121.1,20.6,2018-03-07
HMPRO,7607600,3989700,106089090.0,55667820.0,21.67,2018-03-08
HMPRO,14260929,6500374,200173771.5,90788013.9,29.74,2018-03-09
HMPRO,12488200,13017131,179350660.0,186522434.0,30.02,2018-03-12
HMPRO,13174200,5492134,189837980.0,79089392.8,37.3,2018-03-13
HMPRO,11860400,6564300,171472140.0,94778750.0,33.82,2018-03-14
HMPRO,7995500,3706022,116069460.0,53769434.6,46.38,2018-03-15
HMPRO,8202736,5009117,118848005.1,72599856.5,33.23,2018-03-16
HMPRO,5043600,2918600,72221640.0,41774090.0,30.43,2018-03-19
HMPRO,7931000,10749900,111955630.0,152041110.0,24.16,2018-03-20
HMPRO,3255800,3257064,45841490.0,45776066.0,30.65,2018-03-21
HMPRO,4635020,1689500,65586282.0,23887620.0,35.23,2018-03-22
HMPRO,3265200,3583685,45745080.0,50201311.5,19.3,2018-03-23
HMPRO,3809200,3036920,53552050.0,42628900.0,28.35,2018-03-26
HMPRO,6471600,3710300,90757440.0,52038820.0,29.55,2018-03-27
HMPRO,5891900,3367300,81909940.0,46815530.0,31.14,2018-03-28
HMPRO,10457600,7106834,145560490.0,98905731.2,36.6,2018-03-29
HMPRO,5089100,4952300,71435870.0,69667210.0,28.1,2018-03-30
HMPRO,2470500,2906200,34655310.0,40784360.0,13.92,2018-04-02
HMPRO,5932200,5117500,83043160.0,71652530.0,32.74,2018-04-03
HMPRO,6746500,6006300,94649370.0,84442360.0,19.51,2018-04-04
HMPRO,6727100,6895400,94772370.0,97036880.0,26.31,2018-04-05
HMPRO,4020700,3393600,57293170.0,48265900.0,17.12,2018-04-09
HMPRO,5565900,3892100,80749430.0,56388850.0,20.57,2018-04-10
HMPRO,1028200,2174623,14959020.0,31647031.2,11.14,2018-04-11
HMPRO,4688600,4461400,67555380.0,64327650.0,30.22,2018-04-12
HMPRO,5758413,6531497,81671383.3,92527417.1,24.34,2018-04-17
HMPRO,8199619,7039907,116158866.0,99823402.8,30.47,2018-04-18
HMPRO,7377200,3279700,104890930.0,46593100.0,24.98,2018-04-19
HMPRO,9495202,12177615,138749218.7,178635173.0,14.98,2018-04-20
HMPRO,22245700,21685407,341822310.0,332610314.5,29.01,2018-04-23
HMPRO,11352600,17387415,168061320.0,257491696.5,25.54,2018-04-24
HMPRO,5888900,7815100,86738150.0,115001240.0,18.72,2018-04-25
HMPRO,13409000,12063849,193052880.0,174007935.4,28.04,2018-04-26
HMPRO,9082900,5302300,133035930.0,77587350.0,15.32,2018-04-27
HMPRO,4882600,4785176,72995240.0,71497335.5,22.44,2018-04-30
HMPRO,5699000,3412354,84535650.0,50542658.4,22.03,2018-05-02
HMPRO,4644100,4012200,68919140.0,59664350.0,17.08,2018-05-03
HMPRO,5605039,2873987,82021633.3,42074181.4,21.48,2018-05-04
HMPRO,7427900,5428000,108494050.0,79349600.0,23.29,2018-05-07
HMPRO,11148600,6406260,159826220.0,91857188.0,22.94,2018-05-08
HMPRO,26930700,19378756,371965425.0,267950444.0,23.92,2018-05-09
HMPRO,7457300,5182965,103541110.0,71936310.5,22.47,2018-05-10
HMPRO,12430992,7340086,177029231.6,104444221.2,24.93,2018-05-11
HMPRO,1883700,2881265,26889030.0,41094553.0,25.6,2018-05-14
HMPRO,5017110,5828700,71173242.0,82609790.0,33.57,2018-05-15
HMPRO,2940924,6826617,41988023.2,97752086.3,34.39,2018-05-16
HMPRO,2645900,6340319,37858950.0,90678439.8,31.08,2018-05-17
HMPRO,1835400,7508146,25942050.0,106267774.1,34.7,2018-05-18
HMPRO,2768600,2016719,39782840.0,28907641.7,18.0,2018-05-21
HMPRO,2853000,9273211,40709100.0,132437235.4,21.62,2018-05-22
HMPRO,1766000,2786900,25266340.0,39966600.0,28.63,2018-05-23
HMPRO,3455900,7515365,49801940.0,108527416.5,22.45,2018-05-24
HMPRO,6796973,8414609,99570289.7,123374372.3,24.13,2018-05-25
HMPRO,3542800,5392194,52694710.0,80153756.0,18.11,2018-05-28
HMPRO,3567969,8453300,52883558.1,125349660.0,27.29,2018-05-30
HMPRO,10495442,11659653,153616389.5,171217103.8,38.18,2018-05-31
HMPRO,6210000,4943356,90998650.0,72428036.4,30.04,2018-06-01
HMPRO,16703000,17747800,233747780.0,248077400.0,25.17,2018-06-04
HMPRO,11115400,9529330,156125100.0,133673368.0,26.25,2018-06-05
HMPRO,4225000,5732000,59896220.0,81436160.0,22.07,2018-06-06
HMPRO,4395903,4192735,62676902.9,59794453.5,27.59,2018-06-07
HMPRO,3497300,2457713,50004130.0,35096009.8,33.1,2018-06-08
HMPRO,1590529,1403073,22771487.6,20085039.6,20.58,2018-06-11
HMPRO,5962622,6890681,86502708.4,99923500.2,27.79,2018-06-12
HMPRO,3133100,4352876,45506670.0,63213554.4,24.58,2018-06-13
HMPRO,3260100,5748500,46920360.0,82630580.0,35.05,2018-06-14
HMPRO,14334735,13009167,206846058.8,186898632.9,45.58,2018-06-15
HMPRO,1886000,4339900,26965160.0,62015645.9,26.09,2018-06-18
HMPRO,10152800,19410695,141236050.0,270042660.5,24.44,2018-06-19
HMPRO,6021400,6502100,83364510.0,89850180.0,26.15,2018-06-20
HMPRO,10305144,9259795,139579682.8,125910832.5,22.02,2018-06-21
HMPRO,11825900,7062214,161506590.0,96549051.8,31.27,2018-06-22
HMPRO,3785800,4805495,50956990.0,64760393.5,32.11,2018-06-25
HMPRO,7084800,6237100,96088620.0,84772000.0,37.61,2018-06-26
HMPRO,5707376,9605095,76465118.4,128930343.0,32.94,2018-06-27
HMPRO,10448500,13755500,140333610.0,184420350.0,40.26,2018-06-28
HMPRO,14627103,5719390,195458343.6,76342834.0,23.93,2018-06-29
HMPRO,6449510,5209700,88493397.0,71512740.0,22.56,2018-07-02
HMPRO,7196000,8094550,99935870.0,112609750.0,24.33,2018-07-03
HMPRO,5235100,7996515,73398320.0,112223500.0,39.6,2018-07-04
HMPRO,6054600,5331400,84972610.0,74951400.0,20.05,2018-07-05
HMPRO,6047100,2881400,84597000.0,40307990.0,20.31,2018-07-06
HMPRO,6192860,4917210,86845470.0,68892759.0,32.33,2018-07-09
HMPRO,20231934,13339276,288090602.8,190415369.2,35.86,2018-07-10
HMPRO,4888605,4409300,69436181.0,62569480.0,27.5,2018-07-11
HMPRO,3239400,3761298,46346540.0,53908746.6,15.64,2018-07-12
HMPRO,5644901,3717004,81069734.4,53413437.2,33.94,2018-07-13
HMPRO,4884373,2568000,68611481.2,36165760.0,20.46,2018-07-16
HMPRO,7165004,2081600,101560596.4,29523310.0,32.12,2018-07-17
HMPRO,3253189,3367656,46450342.7,48087468.1,30.9,2018-07-18
HMPRO,2830500,2708590,40544930.0,38759303.0,30.75,2018-07-19
HMPRO,7996115,4840400,114609556.0,69331650.0,36.29,2018-07-20
HMPRO,4966800,1697300,71125110.0,24293410.0,34.25,2018-07-23
HMPRO,3223400,3813098,46133000.0,54536411.6,27.13,2018-07-24
HMPRO,6791500,6692200,99334800.0,97782810.0,18.34,2018-07-25
HMPRO,8769800,4792717,127042420.0,69574784.8,34.28,2018-07-26
HMPRO,9679965,7117500,141104016.0,103470800.0,38.33,2018-07-31
HMPRO,7112700,4802800,103932620.0,70092500.0,35.17,2018-08-01
HMPRO,8838700,5351500,129132880.0,78118980.0,44.69,2018-08-02
HMPRO,7684200,4509700,111978440.0,65531880.0,28.29,2018-08-03
HMPRO,10574200,4138200,151553530.0,59081110.0,25.59,2018-08-06
HMPRO,13980200,4379621,196788950.0,61612964.0,27.84,2018-08-07
HMPRO,11080510,4087500,160668735.0,59199830.0,30.81,2018-08-08
HMPRO,9949990,2878030,146202487.6,42244928.0,26.11,2018-08-09
HMPRO,5992400,1905700,87181480.0,27687970.0,25.74,2018-08-10
HMPRO,4385300,5297055,63157680.0,76584715.5,33.7,2018-08-14
HMPRO,2790409,3889257,39970049.6,55800260.8,18.43,2018-08-15
HMPRO,6560100,4214916,94922080.0,61016475.5,39.52,2018-08-16
HMPRO,2192399,2331100,31583155.6,33494710.0,28.05,2018-08-17
HMPRO,1205900,2510379,17321990.0,36097391.8,33.59,2018-08-20
HMPRO,5169400,7946400,74920590.0,115107600.0,40.68,2018-08-21
HMPRO,2944100,5386791,42327450.0,77530462.2,21.72,2018-08-22
HMPRO,3830300,2553800,55151310.0,36754080.0,40.66,2018-08-23
HMPRO,3286200,1898645,47474270.0,27391349.0,36.91,2018-08-24
HMPRO,3293300,3273200,47429100.0,47121660.0,30.99,2018-08-27
HMPRO,9018900,5667704,132884780.0,83541824.5,17.01,2018-08-28
HMPRO,3713600,3678500,55177160.0,54677030.0,29.2,2018-08-29
HMPRO,4268015,3681252,63070792.0,54512509.2,29.72,2018-08-30
HMPRO,6297759,5418641,92156769.7,79418776.4,26.21,2018-08-31
HMPRO,1952044,2013185,28651366.8,29530815.5,37.24,2018-09-03
HMPRO,1067010,1684986,15541486.0,24510229.9,16.92,2018-09-04
HMPRO,8275926,4552645,120409499.6,66178373.5,27.9,2018-09-05
HMPRO,4836132,3623312,70102313.0,52560402.8,31.95,2018-09-06
HMPRO,2687050,3807968,38979331.5,55192529.7,36.77,2018-09-07
HMPRO,2465321,1861400,36008576.3,27175660.0,16.11,2018-09-10
HMPRO,9349600,6491903,137346320.0,95242114.1,28.8,2018-09-11
HMPRO,2904100,7596200,42302960.0,110752810.0,40.86,2018-09-12
HMPRO,7928330,5266851,116606801.0,77438959.7,26.58,2018-09-13
HMPRO,3289615,2557700,48329149.0,37553020.0,24.31,2018-09-14
HMPRO,1295243,2180159,18993442.1,31955404.3,22.92,2018-09-17
HMPRO,14157878,3546842,211790089.0,53153357.2,18.37,2018-09-18
HMPRO,24830307,14213100,386265808.3,221904010.0,27.53,2018-09-19
HMPRO,9731271,4356505,151005200.5,67578457.9,28.28,2018-09-20
HMPRO,17209752,12724711,271213881.7,200611141.8,49.64,2018-09-21
HMPRO,10284700,4774900,161800350.0,75024260.0,37.12,2018-09-24
HMPRO,4132900,2763900,64525640.0,43189810.0,27.86,2018-09-25
HMPRO,6747803,3873700,106055256.8,60830890.0,36.7,2018-09-26
HMPRO,13032100,11723600,205420370.0,184621880.0,50.81,2018-09-27
HMPRO,15520530,8544933,245835618.0,135501574.7,29.53,2018-09-28
HMPRO,3310910,2532773,51712327.0,39667153.9,25.31,2018-10-01
HMPRO,9322600,13838700,142067660.0,211005520.0,28.67,2018-10-02
HMPRO,4820923,6396200,73251802.2,97157380.0,31.65,2018-10-03
HMPRO,7292910,8155311,110013981.0,123182976.0,23.72,2018-10-04
HMPRO,2816215,4343168,42405696.5,65244919.2,32.08,2018-10-05
HMPRO,7690700,11296100,116532230.0,170758880.0,29.7,2018-10-08
HMPRO,4424000,15921100,66799920.0,240246220.0,35.36,2018-10-09
HMPRO,4415200,10582400,66808570.0,159808720.0,32.37,2018-10-10
HMPRO,8387400,17982070,124146120.0,265913689.4,34.47,2018-10-11
HMPRO,4525601,4801800,67676384.9,71598840.0,32.0,2018-10-12
HMPRO,2717106,4975680,40211818.8,73549434.0,29.67,2018-10-16
HMPRO,908205,4162360,13479574.5,61786290.0,28.37,2018-10-17
HMPRO,5089005,6527600,76230244.5,97842360.0,29.86,2018-10-18
HMPRO,5135200,9266100,76079470.0,137027730.0,36.03,2018-10-19
HMPRO,8529500,9942100,127843560.0,149068590.0,42.65,2018-10-22
HMPRO,4896926,9763300,73042947.8,145588800.0,35.83,2018-10-24
HMPRO,7592215,13272600,109143383.0,189694290.0,18.07,2018-10-25
HMPRO,3523300,5402306,50888970.0,77836675.8,30.77,2018-10-26
HMPRO,2067300,3252573,30157040.0,47439518.5,23.59,2018-10-29
HMPRO,2385500,3461400,34431950.0,49938510.0,23.16,2018-10-30
HMPRO,5774200,7367414,84629060.0,108059967.0,28.81,2018-10-31
HMPRO,2867790,4957900,42009262.0,72756510.0,20.24,2018-11-01
HMPRO,4035501,2715170,59955384.8,40365602.0,15.72,2018-11-02
HMPRO,4014756,2950800,59461979.6,43621160.0,23.18,2018-11-05
HMPRO,3862706,2068500,56984928.2,30463030.0,30.76,2018-11-06
HMPRO,4718115,3399720,69491000.5,50046402.0,16.73,2018-11-07
HMPRO,11150430,2341400,167919445.6,35174150.0,31.51,2018-11-08
HMPRO,1457500,1673216,21725400.0,24930490.0,20.71,2018-11-09
HMPRO,1013200,1907411,15008010.0,28233771.7,17.6,2018-11-12
HMPRO,4919330,4462100,72971541.1,65936600.0,23.26,2018-11-13
HMPRO,6210601,2657671,92490324.8,39661803.7,26.49,2018-11-14
HMPRO,4177511,3482000,62252803.9,51865100.0,27.51,2018-11-15
HMPRO,3887333,2274201,58044701.7,33967364.7,26.91,2018-11-16
HMPRO,3672300,1291600,54822870.0,19258300.0,41.78,2018-11-19
HMPRO,2779110,3985541,40789176.0,58571185.4,22.13,2018-11-20
HMPRO,4327159,6229646,63664961.4,92051195.2,29.6,2018-11-21
HMPRO,507920,1314668,7567998.0,19545441.2,23.6,2018-11-22
HMPRO,1935500,1589000,28751960.0,23592120.0,19.9,2018-11-23
HMPRO,4313900,1610002,64446060.0,24021449.6,31.27,2018-11-26
HMPRO,7207400,5800831,108947850.0,87817631.8,38.45,2018-11-27
HMPRO,14935300,4212651,226635010.0,63865557.0,41.53,2018-11-28
HMPRO,10710814,3053515,163422412.82,46497726.52,32.91,2018-11-29
HMPRO,12099500,6913428,183990890.0,105222527.6,44.46,2018-11-30
HMPRO,9060067,2427814,138764398.5,37043724.2,26.95,2018-12-03
HMPRO,11614626,5652500,179069056.5,87178780.0,39.56,2018-12-04
HMPRO,3011234,1569800,45974281.6,23945660.0,16.97,2018-12-06
HMPRO,6005615,3177100,92632079.5,48875860.0,31.96,2018-12-07
HMPRO,6379105,10403000,96059045.5,156625710.0,22.5,2018-12-11
HMPRO,2625639,4281500,39384925.1,64260650.0,29.34,2018-12-12
HMPRO,7437619,2362800,112529996.9,35669700.0,21.18,2018-12-13
HMPRO,2983982,3540900,45510276.4,54010630.0,24.59,2018-12-14
HMPRO,3852523,3936667,58568671.9,59700621.4,17.76,2018-12-17
HMPRO,4808106,4181100,72562903.6,63025620.0,32.1,2018-12-18
HMPRO,3624487,2509900,55465991.4,38373650.0,23.19,2018-12-19
HMPRO,2470452,5612800,37825601.2,86025410.0,23.99,2018-12-20
HMPRO,8804400,7535494,135271790.0,115878611.2,45.84,2018-12-21
HMPRO,2398800,2691900,36744430.0,41184450.0,42.24,2018-12-24
HMPRO,1390643,985803,20873575.8,14808105.3,8.98,2018-12-25
HMPRO,1245159,3025492,18801125.0,45495810.8,21.64,2018-12-26
HMPRO,5952900,7942200,89503730.0,119218360.0,37.74,2018-12-27
HMPRO,3316492,3482500,50322086.0,52749480.0,33.66,2018-12-28
HMPRO,4565300,2345700,69376730.0,35634770.0,33.38,2019-01-02
HMPRO,9038700,7786900,134523420.0,116122240.0,25.77,2019-01-03
HMPRO,6382400,7887400,93597050.0,115855740.0,28.28,2019-01-04
HMPRO,14792600,13572600,222220820.0,203053540.0,35.65,2019-01-07
HMPRO,8251630,4828000,122675507.1,71889640.0,20.82,2019-01-08
HMPRO,5053110,3456306,75426749.0,51584930.6,33.68,2019-01-09
HMPRO,9780860,7145234,143474274.0,104695130.0,28.0,2019-01-10
HMPRO,6920548,4912639,103066115.2,73216856.9,26.49,2019-01-11
HMPRO,2909630,1252000,43629864.0,18735020.0,28.36,2019-01-14
HMPRO,4154700,2435500,62336560.0,36528250.0,44.87,2019-01-15
HMPRO,8035710,2841000,119051599.0,42100200.0,21.91,2019-01-16
HMPRO,4841581,4837000,71760878.8,71755460.0,28.37,2019-01-17
HMPRO,12069705,3472200,180270285.0,51831380.0,40.53,2019-01-18
HMPRO,2890120,3160511,42966756.0,46892384.3,33.17,2019-01-21
HMPRO,6848049,14147600,102066765.2,210325820.0,51.25,2019-01-22
HMPRO,4390387,1922334,65478202.9,28661422.4,14.92,2019-01-23
HMPRO,7667824,10630900,114627037.6,158696840.0,39.84,2019-01-24
HMPRO,4466400,5723304,67212430.0,85884529.8,25.21,2019-01-25
HMPRO,9420224,5264800,144957978.4,80814470.0,27.17,2019-01-28
HMPRO,4793090,2958727,73436888.0,45278513.6,23.97,2019-01-29
HMPRO,5724703,5867381,87705736.9,89776795.8,25.69,2019-01-30
HMPRO,7014800,5853344,109050490.0,90926882.0,18.7,2019-01-31
HMPRO,4697400,5616804,71926990.0,85865711.6,19.15,2019-02-01
HMPRO,2017200,4187767,30966990.0,64216205.0,25.5,2019-02-04
HMPRO,1800900,1400900,27646830.0,21514190.0,16.84,2019-02-05
HMPRO,3630200,2231387,55741780.0,34226423.7,28.31,2019-02-06
HMPRO,1886700,1221303,28974640.0,18726806.2,13.99,2019-02-07
HMPRO,2123000,2663342,32340450.0,40650543.7,19.99,2019-02-08
HMPRO,2453100,3680500,37538460.0,56260130.0,44.35,2019-02-11
HMPRO,1505100,3610977,23006340.0,55133431.3,31.75,2019-02-12
HMPRO,2028874,3104800,31017912.2,47426420.0,35.91,2019-02-13
HMPRO,2262448,2799820,34459709.2,42647732.9,20.53,2019-02-14
HMPRO,4022228,2930300,61060147.6,44527090.0,36.29,2019-02-15
HMPRO,907000,1495384,13787310.0,22713891.6,17.59,2019-02-18
HMPRO,8365645,4373945,127511137.5,66608744.0,31.93,2019-02-20
HMPRO,4759000,4202700,71993800.0,63596500.0,22.93,2019-02-21
HMPRO,9785400,5358243,149359230.0,81470552.3,43.78,2019-02-22
HMPRO,3892500,1605400,59679910.0,24589180.0,33.55,2019-02-25
HMPRO,11506200,4118038,175303650.0,62797368.3,32.04,2019-02-26
HMPRO,4934700,4923253,74601170.0,74242585.3,18.64,2019-02-27
HMPRO,6674065,6461100,100650591.5,97230360.0,42.57,2019-02-28
HMPRO,5598200,2866600,84619000.0,43261010.0,21.24,2019-03-01
HMPRO,3392700,7864329,51566740.0,119795102.0,23.2,2019-03-04
HMPRO,5367464,4763569,82158359.2,72874252.5,25.72,2019-03-05
HMPRO,2271700,11433160,34583160.0,173770844.8,28.3,2019-03-06
HMPRO,5041980,5316900,76751020.0,80831100.0,44.49,2019-03-07
HMPRO,2921400,3715685,44320060.0,56321885.0,39.03,2019-03-08
HMPRO,4786306,6644700,73157021.8,101351550.0,37.05,2019-03-11
HMPRO,5474200,4029466,84107180.0,61800840.9,27.65,2019-03-12
HMPRO,10191981,9387800,157022807.8,144162520.0,26.76,2019-03-13
HMPRO,4500711,4534917,69019035.5,69520009.2,26.68,2019-03-14
HMPRO,11312414,9184698,171981651.2,139642913.4,32.82,2019-03-15
HMPRO,3809400,3684175,57672380.0,55710995.0,26.06,2019-03-18
HMPRO,7160488,4268300,108156457.6,64414069.3,26.13,2019-03-19
HMPRO,4041488,6681702,60989207.6,100657722.5,39.01,2019-03-20
HMPRO,4035648,3647300,60881809.2,55021130.0,25.16,2019-03-21
HMPRO,5078360,2612100,77253376.0,39582010.0,31.64,2019-03-22
HMPRO,4681300,6728704,70573160.0,101252260.8,31.14,2019-03-25
HMPRO,4628957,5029535,69826532.1,75683132.7,32.73,2019-03-26
HMPRO,8696900,7352963,131096790.0,110719751.3,37.33,2019-03-27
HMPRO,4818400,5323900,72926280.0,80122470.0,30.73,2019-03-28
HMPRO,8206300,5992100,125253670.0,91332060.0,41.22,2019-03-29
HMPRO,7475900,4582100,114379190.0,70094300.0,42.75,2019-04-01
HMPRO,3430455,4770356,52439296.0,72844191.2,28.35,2019-04-02
HMPRO,4666592,2791933,70961732.0,42425708.7,29.41,2019-04-03
HMPRO,3158700,3825900,48265440.0,58371570.0,38.16,2019-04-04
HMPRO,2956057,2956511,45054953.5,44919119.4,25.19,2019-04-05
HMPRO,5079989,3079498,77147360.2,46705080.0,29.06,2019-04-09
HMPRO,5644005,3679900,85801195.5,55901390.0,25.32,2019-04-10
HMPRO,6172957,4115396,93937052.0,62581261.0,28.58,2019-04-11
HMPRO,3356010,1050800,51183172.0,16002510.0,27.4,2019-04-12
HMPRO,3869304,2882112,59711646.9,44499363.6,14.44,2019-04-17
HMPRO,5539515,5290429,85578541.0,81653626.6,20.11,2019-04-18
HMPRO,2449420,1192430,37645731.7,18306372.0,16.55,2019-04-19
HMPRO,10317899,6312500,159569924.5,97671450.0,40.83,2019-04-22
HMPRO,2795923,3666000,43302589.9,56629260.0,22.54,2019-04-23
HMPRO,11554400,11046158,179926440.0,171888880.6,44.11,2019-04-24
HMPRO,5487765,6334918,86269267.0,99520564.4,21.52,2019-04-25
HMPRO,5404109,4681509,84623110.4,73301022.2,23.01,2019-04-26
HMPRO,4567334,3847523,72133173.0,60688453.4,21.4,2019-04-29
HMPRO,9814025,10958957,154274040.5,172166839.7,41.05,2019-04-30
HMPRO,9102300,5483120,144284570.0,86778618.0,29.1,2019-05-02
HMPRO,7640951,1904000,121499901.1,30270860.0,21.06,2019-05-03
HMPRO,7836627,9297426,124936810.7,147981970.8,16.53,2019-05-07
HMPRO,10332080,5923808,163280834.0,93656245.6,29.92,2019-05-08
HMPRO,9186464,11593910,147548859.1,186416940.0,21.72,2019-05-09
HMPRO,7014700,7372813,112775740.0,118369600.6,25.12,2019-05-10
HMPRO,9930427,3929100,159346460.1,62973310.0,26.21,2019-05-13
HMPRO,12377218,12536500,196605819.8,199142270.0,38.68,2019-05-14
HMPRO,8920455,6976200,142611261.0,111472130.0,30.67,2019-05-15
HMPRO,5595700,8890100,89163580.0,141691090.0,37.85,2019-05-16
HMPRO,12380802,9289900,199404192.4,149562070.0,44.48,2019-05-17
HMPRO,25526402,19805800,420706242.8,326080220.0,39.39,2019-05-21
HMPRO,13988200,9399000,234714770.0,157354740.0,35.76,2019-05-22
HMPRO,9548259,8906505,158447090.0,147347884.0,37.34,2019-05-23
HMPRO,15030349,8063700,248879858.3,133274820.0,43.35,2019-05-24
HMPRO,9406650,7244500,156505025.0,120303420.0,33.71,2019-05-27
HMPRO,128124669,140537799,2169788458.5,2383977596.9,54.22,2019-05-28
HMPRO,8865600,4993619,148774120.0,83679545.8,27.21,2019-05-29
HMPRO,29452604,14075204,496349167.6,237250568.4,44.66,2019-05-30
HMPRO,8921300,9230700,150346800.0,155464040.0,27.83,2019-05-31
HMPRO,20677300,15116200,353044640.0,258054560.0,33.88,2019-06-04
HMPRO,24792704,10457000,422256138.0,178094140.0,39.45,2019-06-05
HMPRO,5271205,2850806,89732064.5,48524832.0,28.24,2019-06-06
HMPRO,7005500,4644000,119176430.0,79005210.0,30.51,2019-06-07
